0 0.269051 0.658594 0.130638 0.346629
1 0.709565 0.849003 0.406687 0.188034
1 0.449844 0.773029 0.260498 0.222222
3 0.610420 0.611586 0.034215 0.017094
3 0.607698 0.703704 0.114308 0.030389
3 0.971229 0.833808 0.057543 0.034188
3 0.490280 0.663818 0.078538 0.018993
3 0.566485 0.580722 0.044323 0.012346
3 0.410964 0.605413 0.027216 0.018044
3 0.424961 0.577398 0.052100 0.007597
3 0.431571 0.559829 0.031104 0.008547
3 0.509720 0.559829 0.027216 0.008547
1 0.520218 0.549383 0.029549 0.016144
2 0.456843 0.518044 0.014774 0.027540
3 0.448289 0.537512 0.014774 0.007597
